ex0:7.4480, why0:41.6800, ex1:12.7400, why1:46.3900, new cut depth: G00 Z-0.04500
ex0:12.0900, why0:40.8600, ex1:15.1600, why1:47.8100, new cut depth: G00 Z-0.04500
ex0:12.7500, why0:30.1700, ex1:14.9400, why1:41.3400, new cut depth: G00 Z-0.04500
